<OBJECT>Earth
<OBJECT-NAME>Earth 289.15K 80%RH,400ppmCO2
<OBJECT-DATE>2021/01/08 14:02
<OBJECT-DIAMETER>12742
<OBJECT-GRAVITY>9.807
<OBJECT-GRAVITY-UNIT>g
<OBJECT-STAR-DISTANCE>0.98336
<OBJECT-STAR-VELOCITY>0.05567
<OBJECT-SOLAR-LONGITUDE>333.3
<OBJECT-SOLAR-LATITUDE>-22.29
<OBJECT-SEASON>-333.26
<OBJECT-STAR-TYPE>-
<OBJECT-STAR-TEMPERATURE>1
<OBJECT-STAR-RADIUS>1.0
<OBJECT-OBS-LONGITUDE>333.26
<OBJECT-OBS-LATITUDE>-22.29
<OBJECT-OBS-VELOCITY>0.056
<OBJECT-PERIOD>1.00029
<OBJECT-PERIAPSIS>0.00
<OBJECT-ECCENTRICITY>0.00000
<OBJECT-INCLINATION>112.29
<GEOMETRY>Observatory
<GEOMETRY-OFFSET-NS>0.0
<GEOMETRY-OFFSET-EW>0.0
<GEOMETRY-OFFSET-UNIT>arcsec
<GEOMETRY-OBS-ALTITUDE>0.9834
<GEOMETRY-ALTITUDE-UNIT>AU
<GEOMETRY-USER-PARAM>35
<GEOMETRY-STELLAR-TYPE>G
<GEOMETRY-STELLAR-TEMPERATURE>5777
<GEOMETRY-STELLAR-MAGNITUDE>0
<GEOMETRY-SOLAR-ANGLE>34.305
<GEOMETRY-OBS-ANGLE>1.473
<GEOMETRY-PLANET-FRACTION>7.834e-04
<GEOMETRY-STAR-DISTANCE>-1.000000e+00
<GEOMETRY-STAR-FRACTION>0.000000e+00
<GEOMETRY-REF>User
<GEOMETRY-DISK-ANGLES>1
<GEOMETRY-ROTATION>-0.00,0.00
<GEOMETRY-AZIMUTH>0.000
<ATMOSPHERE-NGAS>8
<ATMOSPHERE-GAS>H2O,CO2,O3,N2O,CO,CH4,O2,N2
<ATMOSPHERE-TYPE>HIT[1],HIT[2],HIT[3],HIT[4],HIT[5],HIT[6],HIT[7],HIT[22]
<ATMOSPHERE-ABUN>1,1,1,2,1,1,1,1
<ATMOSPHERE-UNIT>scl,scl,scl,scl,scl,scl,scl,scl
<ATMOSPHERE-TAU>1,1,1,1,1,1,1,1
<ATMOSPHERE-NAERO>0
<ATMOSPHERE-NMAX>0
<ATMOSPHERE-LMAX>0
<ATMOSPHERE-DESCRIPTION>Earth at 0 m, NASA/MERRA2 2020/01/08
<ATMOSPHERE-STRUCTURE>Equilibrium
<ATMOSPHERE-WEIGHT>28.97
<ATMOSPHERE-PRESSURE>1.0e+00
<ATMOSPHERE-PUNIT>bar
<ATMOSPHERE-LAYERS-MOLECULES>H2O,CO2,O3,N2O,CO,CH4,O2,NO,SO2,NO2,NH3,HNO3,OH,HF,HCl,HBr,HI,ClO,OCS,H2CO,HOCl,N2,HCN,CH3Cl,H2O2,PH3,WaterIce
<ATMOSPHERE-LAYERS>72
<ATMOSPHERE-LAYER-1>1.0069e+00,2.8915E+02,1.4657E-02,4.0000E-04,3.0346E-08,3.2000E-07,1.4973E-07,1.7000E-06,2.0900E-01,3.0000E-10,2.9857E-10,2.3000E-11,5.0000E-10,5.0528E-11,4.4000E-14,1.0000E-14,9.8621E-10,1.7000E-12,3.0000E-12,1.0000E-14,5.9945E-10,2.3269E-09,7.8594E-12,7.8100E-01,1.6973E-10,6.9835E-10,1.9973E-10,1.0000E-20,0.0000E+00,0.0000E+00
<ATMOSPHERE-LAYER-2>9.9163E-01,2.8854E+02,1.4308E-02,4.0000E-04,3.0786E-08,3.2000E-07,1.4904E-07,1.7000E-06,2.0900E-01,3.0000E-10,2.9499E-10,2.3000E-11,5.0000E-10,5.1848E-11,4.4000E-14,1.0000E-14,9.5168E-10,1.7000E-12,3.0000E-12,1.0000E-14,5.9807E-10,2.1440E-09,8.2583E-12,7.8100E-01,1.6904E-10,6.9422E-10,1.9904E-10,1.0000E-20,0.0000E+00,0.0000E+00
<ATMOSPHERE-LAYER-3>9.7630E-01,2.8793E+02,1.3968E-02,4.0000E-04,3.1228E-08,3.2000E-07,1.4835E-07,1.7000E-06,2.0900E-01,3.0000E-10,2.9140E-10,2.3000E-11,5.0000E-10,5.3174E-11,4.4000E-14,1.0000E-14,9.1700E-10,1.7000E-12,3.0000E-12,1.0000E-14,5.9669E-10,1.9602E-09,8.6589E-12,7.8100E-01,1.6835E-10,6.9008E-10,1.9835E-10,1.0000E-20,0.0000E+00,0.0000E+00
<ATMOSPHERE-LAYER-4>9.6105E-01,2.8733E+02,1.3646E-02,4.0000E-04,3.1668E-08,3.2000E-07,1.4766E-07,1.7000E-06,2.0900E-01,3.0000E-10,2.8783E-10,2.3000E-11,5.0000E-10,5.4493E-11,4.4000E-14,1.0000E-14,8.8252E-10,1.7000E-12,3.0000E-12,1.0000E-14,5.9532E-10,1.7775E-09,9.0573E-12,7.8100E-01,1.6766E-10,6.8596E-10,1.9766E-10,1.0000E-20,0.0000E+00,0.0000E+00
<ATMOSPHERE-LAYER-5>9.4571E-01,2.8672E+02,1.3324E-02,4.0000E-04,3.2110E-08,3.2000E-07,1.4697E-07,1.7000E-06,2.0900E-01,3.0000E-10,2.8424E-10,2.3000E-11,5.0000E-10,5.5820E-11,4.4000E-14,1.0000E-14,8.4784E-10,1.7000E-12,3.0000E-12,1.0000E-14,5.9394E-10,1.5938E-09,9.4580E-12,7.8100E-01,1.6697E-10,6.8181E-10,1.9697E-10,1.0000E-20,0.0000E+00,0.0000E+00
<ATMOSPHERE-LAYER-6>9.3038E-01,2.8611E+02,1.3011E-02,4.0000E-04,3.2552E-08,3.2000E-07,1.4628E-07,1.7000E-06,2.0900E-01,3.0000E-10,2.8065E-10,2.3000E-11,5.0000E-10,5.7146E-11,4.4000E-14,1.0000E-14,8.1316E-10,1.7000E-12,3.0000E-12,1.0000E-14,5.9256E-10,1.4100E-09,9.8587E-12,7.8100E-01,1.6628E-10,6.7767E-10,1.9628E-10,1.0000E-20,0.0000E+00,0.0000E+00
<ATMOSPHERE-LAYER-7>9.1511E-01,2.8550E+02,1.2705E-02,4.0000E-04,3.2992E-08,3.2000E-07,1.4559E-07,1.7000E-06,2.0900E-01,3.0000E-10,2.7707E-10,2.3000E-11,5.0000E-10,5.8466E-11,4.4000E-14,1.0000E-14,7.7865E-10,1.7000E-12,3.0000E-12,1.0000E-14,5.9118E-10,1.2271E-09,1.0257E-11,7.8100E-01,1.6559E-10,6.7354E-10,1.9559E-10,1.0000E-20,0.0000E+00,0.0000E+00
<ATMOSPHERE-LAYER-8>8.9975E-01,2.8489E+02,1.2409E-02,4.0000E-04,3.3450E-08,3.2000E-07,1.4489E-07,1.7000E-06,2.0900E-01,3.0000E-10,2.7315E-10,2.3000E-11,4.9917E-10,5.9818E-11,4.4000E-14,1.0052E-14,7.4478E-10,1.7000E-12,3.0000E-12,1.0000E-14,5.8978E-10,1.0550E-09,1.0636E-11,7.8100E-01,1.6496E-10,6.6939E-10,1.9493E-10,1.0000E-20,0.0000E+00,0.0000E+00
<ATMOSPHERE-LAYER-9>8.8447E-01,2.8421E+02,1.2063E-02,4.0000E-04,3.3996E-08,3.2000E-07,1.4411E-07,1.7000E-06,2.0900E-01,3.0000E-10,2.6734E-10,2.3000E-11,4.9351E-10,6.1300E-11,4.4000E-14,1.0403E-14,7.1605E-10,1.7000E-12,3.0000E-12,1.0000E-14,5.8825E-10,9.5326E-10,1.0880E-11,7.8100E-01,1.6465E-10,6.6527E-10,1.9447E-10,1.0000E-20,0.0000E+00,0.0000E+00
<ATMOSPHERE-LAYER-10>8.6919E-01,2.8353E+02,1.1728E-02,4.0000E-04,3.4541E-08,3.2000E-07,1.4333E-07,1.7000E-06,2.0900E-01,3.0000E-10,2.6153E-10,2.3000E-11,4.8786E-10,6.2783E-11,4.4000E-14,1.0755E-14,6.8731E-10,1.7000E-12,3.0000E-12,1.0000E-14,5.8672E-10,8.5146E-10,1.1125E-11,7.8100E-01,1.6434E-10,6.6114E-10,1.9402E-10,1.0000E-20,0.0000E+00,0.0000E+00
<ATMOSPHERE-LAYER-11>8.5382E-01,2.8286E+02,1.1412E-02,4.0000E-04,3.5090E-08,3.2000E-07,1.4254E-07,1.7000E-06,2.0900E-01,3.0000E-10,2.5569E-10,2.3000E-11,4.8217E-10,6.4274E-11,4.4000E-14,1.1108E-14,6.5842E-10,1.7000E-12,3.0000E-12,1.0000E-14,5.8518E-10,7.4910E-10,1.1371E-11,7.8100E-01,1.6404E-10,6.5699E-10,1.9355E-10,1.0000E-20,0.0000E+00,0.0000E+00
<ATMOSPHERE-LAYER-12>8.3852E-01,2.8218E+02,1.1097E-02,4.0000E-04,3.5636E-08,3.2000E-07,1.4176E-07,1.7000E-06,2.0900E-01,3.0000E-10,2.4988E-10,2.3000E-11,4.7651E-10,6.5758E-11,4.4000E-14,1.1460E-14,6.2965E-10,1.7000E-12,3.0000E-12,1.0000E-14,5.8365E-10,6.4720E-10,1.1616E-11,7.8100E-01,1.6373E-10,6.5286E-10,1.9310E-10,1.0000E-20,0.0000E+00,0.0000E+00
<ATMOSPHERE-LAYER-13>8.2070E-01,2.8140E+02,1.0751E-02,4.0000E-04,3.6272E-08,3.2000E-07,1.4085E-07,1.7000E-06,2.0900E-01,3.0000E-10,2.4311E-10,2.3000E-11,4.6992E-10,6.7486E-11,4.4000E-14,1.1870E-14,5.9615E-10,1.7000E-12,3.0000E-12,1.0000E-14,5.8187E-10,5.2854E-10,1.1901E-11,7.8100E-01,1.6337E-10,6.4805E-10,1.9256E-10,1.0000E-20,0.0000E+00,0.0000E+00
<ATMOSPHERE-LAYER-14>7.9771E-01,2.8030E+02,1.0256E-02,4.0000E-04,3.7186E-08,3.2000E-07,1.3967E-07,1.7000E-06,2.0900E-01,3.0000E-10,2.3385E-10,2.3000E-11,4.5913E-10,6.9757E-11,4.4000E-14,1.2645E-14,5.5451E-10,1.7000E-12,3.0000E-12,1.0000E-14,5.7953E-10,3.9574E-10,1.2163E-11,7.8100E-01,1.6291E-10,6.4202E-10,1.9186E-10,1.0000E-20,0.0000E+00,0.0000E+00
<ATMOSPHERE-LAYER-15>7.7221E-01,2.7867E+02,9.4601E-03,4.0000E-04,3.8650E-08,3.2000E-07,1.3828E-07,1.7000E-06,2.0900E-01,3.0000E-10,2.2111E-10,2.3000E-11,4.3613E-10,7.2473E-11,4.4000E-14,1.4696E-14,5.1599E-10,1.7000E-12,3.0000E-12,1.0000E-14,5.7676E-10,3.4669E-10,1.1941E-11,7.8100E-01,1.6235E-10,6.3620E-10,1.9103E-10,1.0000E-20,0.0000E+00,0.0000E+00
<ATMOSPHERE-LAYER-16>7.4667E-01,2.7703E+02,8.7175E-03,4.0000E-04,4.0116E-08,3.2000E-07,1.3689E-07,1.7000E-06,2.0900E-01,3.0000E-10,2.0833E-10,2.3000E-11,4.1308E-10,7.5194E-11,4.4000E-14,1.6751E-14,4.7740E-10,1.7000E-12,3.0000E-12,1.0000E-14,5.7399E-10,2.9754E-10,1.1719E-11,7.8100E-01,1.6180E-10,6.3037E-10,1.9020E-10,1.0000E-20,0.0000E+00,0.0000E+00
<ATMOSPHERE-LAYER-17>7.2119E-01,2.7541E+02,8.0417E-03,4.0000E-04,4.1578E-08,3.2000E-07,1.3551E-07,1.7000E-06,2.0900E-01,3.0000E-10,1.9559E-10,2.3000E-11,3.9009E-10,7.7908E-11,4.4000E-14,1.8800E-14,4.3890E-10,1.7000E-12,3.0000E-12,1.0000E-14,5.7122E-10,2.4852E-10,1.1497E-11,7.8100E-01,1.6124E-10,6.2455E-10,1.8936E-10,1.0000E-20,0.0000E+00,0.0000E+00
<ATMOSPHERE-LAYER-18>6.9566E-01,2.7366E+02,7.3830E-03,4.0000E-04,4.3268E-08,3.2000E-07,1.3425E-07,1.6995E-06,2.0900E-01,3.0000E-10,1.8230E-10,2.3000E-11,3.6391E-10,8.0779E-11,4.4000E-14,2.1816E-14,4.0398E-10,1.7000E-12,3.0000E-12,1.0000E-14,5.6860E-10,2.1178E-10,1.1120E-11,7.8100E-01,1.6083E-10,6.1938E-10,1.8813E-10,1.0000E-20,0.0000E+00,0.0000E+00
<ATMOSPHERE-LAYER-19>6.6380E-01,2.7138E+02,6.4013E-03,4.0000E-04,4.5595E-08,3.2000E-07,1.3282E-07,1.6983E-06,2.0900E-01,3.0000E-10,1.6521E-10,2.3000E-11,3.2816E-10,8.4509E-11,4.4000E-14,2.6518E-14,3.6396E-10,1.7000E-12,3.0000E-12,1.0000E-14,5.6549E-10,1.7798E-10,1.0498E-11,7.8100E-01,1.6044E-10,6.1355E-10,1.8618E-10,1.0000E-20,0.0000E+00,0.0000E+00
<ATMOSPHERE-LAYER-20>6.2555E-01,2.6861E+02,5.3729E-03,4.0000E-04,4.8439E-08,3.2000E-07,1.3117E-07,1.6967E-06,2.0900E-01,3.0000E-10,1.4507E-10,2.3000E-11,2.8522E-10,8.8992E-11,4.4000E-14,3.2612E-14,3.1635E-10,1.7000E-12,3.0000E-12,1.0000E-14,5.6177E-10,1.3867E-10,9.7407E-12,7.8100E-01,1.6000E-10,6.0683E-10,1.8377E-10,1.0000E-20,0.0000E+00,0.0000E+00
<ATMOSPHERE-LAYER-21>5.8732E-01,2.6557E+02,4.3999E-03,4.0000E-04,5.2008E-08,3.2000E-07,1.3071E-07,1.6915E-06,2.0900E-01,3.0000E-10,1.3061E-10,2.3000E-11,2.4183E-10,9.3537E-11,4.4000E-14,4.5267E-14,2.7502E-10,1.7000E-12,3.0000E-12,1.0000E-14,5.5815E-10,1.1801E-10,8.8161E-12,7.8100E-01,1.6000E-10,6.0425E-10,1.8015E-10,1.0000E-20,0.0000E+00,0.0000E+00
<ATMOSPHERE-LAYER-22>5.4911E-01,2.6250E+02,3.5872E-03,4.0000E-04,5.5774E-08,3.2000E-07,1.3019E-07,1.6859E-06,2.0900E-01,3.0000E-10,1.1647E-10,2.3000E-11,1.9976E-10,9.8486E-11,4.4000E-14,5.8893E-14,2.3462E-10,1.7000E-12,3.0000E-12,1.0000E-14,5.5449E-10,9.8130E-11,7.8939E-12,7.8100E-01,1.6000E-10,6.0185E-10,1.7620E-10,1.0000E-20,0.0000E+00,0.0000E+00
<ATMOSPHERE-LAYER-23>5.1088E-01,2.5914E+02,2.8437E-03,4.0000E-04,6.0887E-08,3.2000E-07,1.2933E-07,1.6773E-06,2.0900E-01,3.0000E-10,1.0455E-10,2.3000E-11,1.6667E-10,1.0619E-10,4.4000E-14,7.9149E-14,2.0038E-10,1.7000E-12,3.0000E-12,1.0000E-14,5.5049E-10,8.3523E-11,6.9866E-12,7.8100E-01,1.6000E-10,6.0071E-10,1.6992E-10,1.0000E-20,0.0000E+00,0.0000E+00
<ATMOSPHERE-LAYER-24>4.7268E-01,2.5555E+02,2.2009E-03,4.0000E-04,6.7263E-08,3.2000E-07,1.2784E-07,1.6666E-06,2.0900E-01,3.0000E-10,9.3790E-11,2.3000E-11,1.3492E-10,1.1452E-10,4.4023E-14,1.0617E-13,1.6797E-10,1.7000E-12,3.0000E-12,1.0000E-14,5.4612E-10,7.1113E-11,6.1852E-12,7.8100E-01,1.6000E-10,6.0000E-10,1.6201E-10,1.0000E-20,0.0000E+00,0.0000E+00
<ATMOSPHERE-LAYER-25>4.3449E-01,2.5156E+02,1.6337E-03,4.0000E-04,7.5753E-08,3.2000E-07,1.2527E-07,1.6522E-06,2.0900E-01,3.0000E-10,8.4962E-11,2.3000E-11,1.0537E-10,1.2391E-10,4.4086E-14,1.4448E-13,1.3854E-10,1.7000E-12,3.0000E-12,1.0000E-14,5.4111E-10,6.2348E-11,5.5591E-12,7.8100E-01,1.6000E-10,6.0000E-10,1.5137E-10,1.0000E-20,0.0000E+00,0.0000E+00
<ATMOSPHERE-LAYER-26>3.9634E-01,2.4717E+02,1.1595E-03,4.0000E-04,8.5122E-08,3.1973E-07,1.2129E-07,1.6380E-06,2.0900E-01,3.0000E-10,7.7012E-11,2.3000E-11,8.0123E-11,1.3314E-10,4.4320E-14,2.0134E-13,1.1420E-10,1.7000E-12,3.0000E-12,1.0055E-14,5.3561E-10,5.4742E-11,5.0245E-12,7.8100E-01,1.6000E-10,5.9890E-10,1.3472E-10,1.0000E-20,0.0000E+00,0.0000E+00
<ATMOSPHERE-LAYER-27>3.5821E-01,2.4247E+02,7.9168E-04,4.0000E-04,9.6960E-08,3.1858E-07,1.1589E-07,1.6250E-06,2.0900E-01,3.0000E-10,7.0232E-11,2.3057E-11,5.7014E-11,1.4302E-10,4.4816E-14,2.8783E-13,9.2475E-11,1.7000E-12,3.0000E-12,1.0215E-14,5.2999E-10,4.7830E-11,4.6167E-12,7.8100E-01,1.6000E-10,5.9685E-10,1.1378E-10,1.0000E-20,0.0000E+00,0.0000E+00
<ATMOSPHERE-LAYER-28>3.1407E-01,2.3648E+02,4.7471E-04,4.0000E-04,1.1556E-07,3.1475E-07,1.0714E-07,1.6067E-06,2.0900E-01,3.0000E-10,6.4492E-11,2.3339E-11,3.3683E-11,1.5785E-10,4.5877E-14,4.6240E-13,7.0645E-11,1.7000E-12,3.0000E-12,1.0869E-14,5.2338E-10,4.0838E-11,4.3938E-12,7.8100E-01,1.6000E-10,5.9261E-10,8.3282E-11,1.0000E-20,0.0000E+00,0.0000E+00
<ATMOSPHERE-LAYER-29>2.6714E-01,2.2933E+02,2.4798E-04,4.0000E-04,1.4823E-07,3.0570E-07,9.5981E-08,1.5655E-06,2.0900E-01,3.0000E-10,5.9742E-11,2.4675E-11,1.6872E-11,1.8421E-10,4.7238E-14,8.5501E-13,5.2825E-11,1.7000E-12,3.0000E-12,1.4507E-14,5.1472E-10,3.5571E-11,4.4530E-12,7.8100E-01,1.6000E-10,5.8472E-10,4.9294E-11,1.0000E-20,0.0000E+00,0.0000E+00
<ATMOSPHERE-LAYER-30>2.2677E-01,2.2225E+02,1.2431E-04,4.0000E-04,2.0016E-07,2.9637E-07,8.4149E-08,1.5258E-06,2.0900E-01,3.0000E-10,5.6993E-11,2.8730E-11,8.7038E-12,2.2062E-10,4.8668E-14,1.5629E-12,4.4802E-11,1.7000E-12,3.0000E-12,2.4954E-14,5.0375E-10,3.4109E-11,4.8219E-12,7.8100E-01,1.6000E-10,5.7279E-10,2.7234E-11,1.0000E-20,0.0000E+00,0.0000E+00
<ATMOSPHERE-LAYER-31>1.9259E-01,2.1542E+02,6.0892E-05,4.0000E-04,2.6512E-07,2.8944E-07,7.0264E-08,1.4921E-06,2.0900E-01,2.9945E-10,5.5945E-11,3.8611E-11,4.5606E-12,2.6014E-10,5.0767E-14,2.5945E-12,5.5360E-11,1.7000E-12,3.0000E-12,4.5091E-14,4.8925E-10,3.4502E-11,5.1249E-12,7.8100E-01,1.5945E-10,5.5615E-10,1.4741E-11,1.0000E-20,0.0000E+00,0.0000E+00
<ATMOSPHERE-LAYER-32>1.6366E-01,2.1248E+02,4.6300E-06,4.0000E-04,3.8259E-07,2.8246E-07,5.5782E-08,1.4625E-06,2.0900E-01,2.9664E-10,5.6195E-11,6.2375E-11,1.9343E-12,3.0963E-10,5.4614E-14,4.0049E-12,8.6278E-11,1.7000E-12,3.0000E-12,8.1939E-14,4.6902E-10,3.5708E-11,5.4442E-12,7.8100E-01,1.5782E-10,5.3620E-10,8.3164E-12,1.0000E-20,0.0000E+00,0.0000E+00
<ATMOSPHERE-LAYER-33>1.3912E-01,2.1244E+02,2.9980E-06,4.0000E-04,4.7622E-07,2.7541E-07,4.3706E-08,1.4335E-06,2.0900E-01,2.8776E-10,5.7064E-11,1.3288E-10,7.0975E-13,4.0484E-10,6.3141E-14,6.1111E-12,1.3843E-10,1.7000E-12,3.0000E-12,1.4705E-13,4.3947E-10,3.6200E-11,6.3607E-12,7.8100E-01,1.5579E-10,5.1291E-10,5.1472E-12,1.0000E-20,0.0000E+00,0.0000E+00
<ATMOSPHERE-LAYER-34>1.1825E-01,2.1244E+02,2.4808E-06,4.0000E-04,5.6184E-07,2.6541E-07,3.4017E-08,1.4022E-06,2.0900E-01,2.7372E-10,5.7500E-11,2.6253E-10,3.0105E-13,6.2825E-10,7.6776E-14,9.1988E-12,2.0876E-10,1.7000E-12,3.0000E-12,2.6334E-13,4.0250E-10,3.5953E-11,8.0412E-12,7.8100E-01,1.5314E-10,4.8692E-10,3.4208E-12,1.0000E-20,0.0000E+00,0.0000E+00
<ATMOSPHERE-LAYER-35>1.0051E-01,2.1244E+02,2.4037E-06,4.0000E-04,6.6554E-07,2.4865E-07,2.6889E-08,1.3677E-06,2.0900E-01,2.5751E-10,5.5010E-11,4.5008E-10,1.4481E-13,1.1125E-09,9.6591E-14,1.4694E-11,2.8681E-10,1.7000E-12,3.0000E-12,4.7919E-13,3.6178E-10,3.5276E-11,1.0887E-11,7.8100E-01,1.5003E-10,4.5865E-10,2.5206E-12,1.0000E-20,0.0000E+00,0.0000E+00
<ATMOSPHERE-LAYER-36>8.5439E-02,2.1319E+02,2.3524E-06,4.0000E-04,9.0785E-07,2.2499E-07,2.1267E-08,1.3331E-06,2.0900E-01,2.4369E-10,4.9612E-11,6.9359E-10,8.0208E-14,1.8643E-09,1.2201E-13,2.2997E-11,3.6288E-10,1.7000E-12,3.0000E-12,8.9409E-13,3.2098E-10,3.4446E-11,1.4979E-11,7.8100E-01,1.4623E-10,4.2960E-10,2.2584E-12,1.0000E-20,0.0000E+00,0.0000E+00
<ATMOSPHERE-LAYER-37>7.2558E-02,2.1432E+02,2.3684E-06,4.0000E-04,1.3693E-06,1.9295E-07,1.6580E-08,1.2920E-06,2.0900E-01,2.4295E-10,4.1817E-11,9.8447E-10,4.6835E-14,2.8930E-09,1.5511E-13,3.6410E-11,4.2710E-10,1.7000E-12,3.0000E-12,1.7786E-12,2.8315E-10,3.3978E-11,2.0953E-11,7.8100E-01,1.4205E-10,4.0180E-10,2.5650E-12,1.0000E-20,0.0000E+00,0.0000E+00
<ATMOSPHERE-LAYER-38>6.1496E-02,2.1562E+02,2.4376E-06,4.0000E-04,1.9002E-06,1.6541E-07,1.3745E-08,1.2354E-06,2.0900E-01,2.5280E-10,3.3457E-11,1.3241E-09,2.7213E-14,3.9944E-09,2.0562E-13,5.4208E-11,4.7962E-10,1.7000E-12,3.0000E-12,4.1211E-12,2.4759E-10,3.4220E-11,2.9083E-11,7.8100E-01,1.3780E-10,3.7419E-10,3.4804E-12,1.0000E-20,0.0000E+00,0.0000E+00
<ATMOSPHERE-LAYER-39>5.2016E-02,2.1691E+02,2.5506E-06,4.0000E-04,2.3522E-06,1.3569E-07,1.2438E-08,1.1624E-06,2.0900E-01,2.7437E-10,2.7321E-11,1.7158E-09,1.9786E-14,4.8516E-09,3.2518E-13,7.5310E-11,5.1806E-10,1.7000E-12,3.0000E-12,7.7305E-12,2.1723E-10,3.6501E-11,4.1442E-11,7.8100E-01,1.3436E-10,3.4611E-10,5.3881E-12,1.0000E-20,0.0000E+00,0.0000E+00
<ATMOSPHERE-LAYER-40>4.3910E-02,2.1820E+02,2.6722E-06,4.0000E-04,2.8856E-06,1.1511E-07,1.2320E-08,1.0685E-06,2.0900E-01,3.0614E-10,2.2912E-11,2.1485E-09,1.7257E-14,5.4451E-09,5.0415E-13,9.8388E-11,5.4822E-10,1.7000E-12,3.0000E-12,1.0627E-11,1.8875E-10,4.0199E-11,5.7178E-11,7.8100E-01,1.3011E-10,3.1775E-10,1.0166E-11,1.0000E-20,0.0000E+00,0.0000E+00
<ATMOSPHERE-LAYER-41>3.6993E-02,2.1952E+02,2.8737E-06,4.0000E-04,3.4675E-06,1.0268E-07,1.3175E-08,9.6254E-07,2.0900E-01,3.7023E-10,2.0509E-11,2.6340E-09,1.5731E-14,5.7512E-09,8.0410E-13,1.2604E-10,5.7826E-10,1.7000E-12,3.0000E-12,1.6010E-11,1.6096E-10,4.5630E-11,7.9053E-11,7.8100E-01,1.2433E-10,2.8173E-10,2.1646E-11,1.0000E-20,0.0000E+00,0.0000E+00
<ATMOSPHERE-LAYER-42>3.1089E-02,2.2078E+02,3.0093E-06,4.0000E-04,4.1975E-06,9.4581E-08,1.4299E-08,8.5748E-07,2.0900E-01,5.0878E-10,1.8630E-11,3.2279E-09,1.3881E-14,5.7832E-09,1.4118E-12,1.5790E-10,6.1560E-10,1.7025E-12,3.0000E-12,2.6672E-11,1.2984E-10,5.2477E-11,1.0705E-10,7.8100E-01,1.1752E-10,2.3393E-10,4.3173E-11,1.0000E-20,0.0000E+00,0.0000E+00
<ATMOSPHERE-LAYER-43>2.6049E-02,2.2229E+02,3.1568E-06,4.0000E-04,5.0296E-06,8.7759E-08,1.5595E-08,7.7269E-07,2.0900E-01,7.9882E-10,1.7098E-11,3.9447E-09,1.1739E-14,5.4589E-09,2.7195E-12,1.9118E-10,6.7013E-10,1.7196E-12,3.0000E-12,4.8328E-11,1.0016E-10,6.0859E-11,1.4114E-10,7.8100E-01,1.1147E-10,1.7550E-10,6.9843E-11,1.0000E-20,0.0000E+00,0.0000E+00
<ATMOSPHERE-LAYER-44>2.1761E-02,2.2392E+02,3.2491E-06,4.0000E-04,5.6258E-06,8.3029E-08,1.6593E-08,7.3086E-07,2.0900E-01,1.0945E-09,1.6055E-11,4.4764E-09,1.0284E-14,5.0663E-09,4.1207E-12,2.1503E-10,7.1982E-10,1.7444E-12,3.0000E-12,7.0737E-11,7.9785E-11,6.7766E-11,1.6747E-10,7.8100E-01,1.0749E-10,1.3526E-10,9.0215E-11,1.0000E-20,0.0000E+00,0.0000E+00
<ATMOSPHERE-LAYER-45>1.8124E-02,2.2578E+02,3.3370E-06,4.0000E-04,6.1611E-06,7.7953E-08,1.7660E-08,6.9282E-07,2.0900E-01,1.4685E-09,1.5078E-11,5.0275E-09,8.8835E-15,4.6460E-09,6.0793E-12,2.3854E-10,7.8918E-10,1.7826E-12,3.0000E-12,1.0094E-10,6.0975E-11,7.4549E-11,1.9383E-10,7.8100E-01,1.0376E-10,9.9884E-11,1.0832E-10,1.0000E-20,0.0000E+00,0.0000E+00
<ATMOSPHERE-LAYER-46>1.5050E-02,2.2847E+02,3.4343E-06,4.0000E-04,6.6848E-06,7.1103E-08,1.9089E-08,6.5454E-07,2.0900E-01,2.0812E-09,1.4030E-11,5.7345E-09,7.3019E-15,4.0804E-09,9.5881E-12,2.6629E-10,9.1329E-10,1.8559E-12,3.0000E-12,1.5342E-10,4.1389E-11,8.2509E-11,2.2577E-10,7.8100E-01,9.9727E-11,6.6995E-11,1.2560E-10,1.0000E-20,0.0000E+00,0.0000E+00
<ATMOSPHERE-LAYER-47>1.2460E-02,2.3108E+02,3.5140E-06,4.0000E-04,7.2087E-06,6.3679E-08,2.0464E-08,6.1779E-07,2.0900E-01,2.8446E-09,1.3153E-11,6.3592E-09,5.8435E-15,3.5219E-09,1.5930E-11,2.9002E-10,1.0434E-09,1.9683E-12,3.0000E-12,2.1763E-10,2.6280E-11,8.9899E-11,2.5467E-10,7.8100E-01,9.5991E-11,4.1642E-11,1.3600E-10,1.0000E-20,0.0000E+00,0.0000E+00
<ATMOSPHERE-LAYER-48>1.0285E-02,2.3397E+02,3.5761E-06,4.0000E-04,7.8222E-06,5.3974E-08,2.1976E-08,5.7746E-07,2.0900E-01,4.0047E-09,1.2428E-11,6.9448E-09,4.3543E-15,2.8804E-09,2.8368E-11,3.1066E-10,1.2063E-09,2.1691E-12,3.0000E-12,3.1356E-10,1.6519E-11,9.7540E-11,2.8312E-10,7.8100E-01,9.2143E-11,2.5299E-11,1.3600E-10,1.0000E-20,0.0000E+00,0.0000E+00
<ATMOSPHERE-LAYER-49>8.4564E-03,2.3713E+02,3.6268E-06,4.0000E-04,8.3428E-06,4.5747E-08,2.3331E-08,5.4148E-07,2.0900E-01,5.3220E-09,1.1948E-11,7.2312E-09,3.1156E-15,2.3017E-09,4.9021E-11,3.2850E-10,1.3680E-09,2.4299E-12,3.0000E-12,4.0282E-10,9.7361E-12,1.0403E-10,3.0359E-10,7.8100E-01,8.8640E-11,1.4699E-11,1.2902E-10,1.0000E-20,0.0000E+00,0.0000E+00
<ATMOSPHERE-LAYER-50>6.9183E-03,2.4049E+02,3.6680E-06,4.0000E-04,8.7854E-06,3.8760E-08,2.4553E-08,5.0917E-07,2.0900E-01,6.7660E-09,1.1672E-11,7.2700E-09,2.0865E-15,1.7761E-09,7.6408E-11,3.4399E-10,1.5284E-09,2.7398E-12,3.0000E-12,4.8636E-10,5.4262E-12,1.0957E-10,3.1742E-10,7.8100E-01,8.5431E-11,8.8616E-12,1.1630E-10,1.0000E-20,0.0000E+00,0.0000E+00
<ATMOSPHERE-LAYER-51>5.6318E-03,2.4419E+02,3.6962E-06,4.0000E-04,8.8055E-06,3.1394E-08,2.5952E-08,4.7458E-07,2.0900E-01,8.1794E-09,1.1836E-11,6.7981E-09,1.3976E-15,1.3225E-09,1.2437E-10,3.5934E-10,1.6267E-09,3.2310E-12,3.0000E-12,5.5477E-10,3.0297E-12,1.1194E-10,3.1297E-10,7.8100E-01,8.2521E-11,5.3090E-12,9.9819E-11,1.0000E-20,0.0000E+00,0.0000E+00
<ATMOSPHERE-LAYER-52>4.5617E-03,2.4770E+02,3.7202E-06,4.0000E-04,8.6313E-06,2.4722E-08,2.7307E-08,4.4209E-07,2.0900E-01,9.4512E-09,1.2190E-11,6.1267E-09,8.8822E-16,9.4200E-10,1.7687E-10,3.7337E-10,1.6930E-09,3.7629E-12,3.0000E-12,6.0628E-10,1.5445E-12,1.1240E-10,3.0065E-10,7.8100E-01,7.9967E-11,2.9278E-12,8.3821E-11,1.0000E-20,0.0000E+00,0.0000E+00
<ATMOSPHERE-LAYER-53>3.6765E-03,2.5181E+02,3.7704E-06,4.0000E-04,7.8542E-06,1.9431E-08,2.8969E-08,4.0580E-07,2.0900E-01,1.0708E-08,1.3203E-11,4.6198E-09,4.6117E-16,6.4806E-10,2.5458E-10,3.8892E-10,1.7268E-09,4.5873E-12,3.0000E-12,5.9817E-10,9.1672E-13,1.0565E-10,2.6281E-10,7.8100E-01,7.7332E-11,1.7723E-12,6.9360E-11,1.0000E-20,0.0000E+00,0.0000E+00
<ATMOSPHERE-LAYER-54>2.9483E-03,2.5594E+02,3.8518E-06,4.0000E-04,6.8655E-06,1.4962E-08,3.0350E-08,3.6974E-07,2.0900E-01,1.1490E-08,1.4803E-11,3.2583E-09,2.0820E-16,4.1642E-10,3.3520E-10,4.0122E-10,1.7483E-09,5.4161E-12,3.0000E-12,5.2779E-10,5.7309E-13,9.3251E-11,2.1315E-10,7.8100E-01,7.4931E-11,1.1329E-12,5.8722E-11,1.0000E-20,0.0000E+00,0.0000E+00
<ATMOSPHERE-LAYER-55>2.3526E-03,2.6004E+02,3.9485E-06,4.0000E-04,5.7763E-06,1.1234E-08,3.1529E-08,3.3434E-07,2.0900E-01,1.1882E-08,1.6897E-11,2.0799E-09,8.2130E-17,2.4043E-10,4.1527E-10,4.1097E-10,1.7626E-09,6.1936E-12,3.0000E-12,4.1693E-10,4.2608E-13,7.6735E-11,1.5812E-10,7.8100E-01,7.2735E-11,8.5125E-13,5.1055E-11,1.0000E-20,0.0000E+00,0.0000E+00
<ATMOSPHERE-LAYER-56>1.8679E-03,2.6456E+02,4.0317E-06,4.0000E-04,4.7324E-06,8.3148E-09,3.2790E-08,2.9586E-07,2.0900E-01,1.1733E-08,2.0253E-11,1.3193E-09,3.9327E-17,1.4274E-10,4.9357E-10,4.1917E-10,1.7850E-09,6.7305E-12,3.0000E-12,2.8121E-10,3.5076E-13,5.3395E-11,1.0845E-10,7.8100E-01,7.0498E-11,7.0136E-13,4.5612E-11,1.0000E-20,0.0000E+00,0.0000E+00
<ATMOSPHERE-LAYER-57>1.4757E-03,2.6872E+02,4.0726E-06,4.0000E-04,3.8950E-06,6.2469E-09,3.4159E-08,2.5772E-07,2.0900E-01,1.1276E-08,2.5054E-11,8.5718E-10,1.9636E-17,9.4380E-11,5.5214E-10,4.2282E-10,1.7960E-09,6.9892E-12,3.0000E-12,1.9352E-10,3.0133E-13,2.8900E-11,6.8239E-11,7.8100E-01,6.8185E-11,6.0266E-13,4.0528E-11,1.0000E-20,0.0000E+00,0.0000E+00
<ATMOSPHERE-LAYER-58>1.1600E-03,2.7096E+02,4.0874E-06,4.0000E-04,3.2315E-06,4.5133E-09,3.5476E-08,2.2152E-07,2.0900E-01,1.0732E-08,3.0730E-11,5.8047E-10,1.0749E-17,6.8754E-11,6.1582E-10,4.2438E-10,1.8000E-09,7.1030E-12,3.0000E-12,1.3606E-10,2.6734E-13,1.2004E-11,4.0033E-11,7.8100E-01,6.5964E-11,5.3469E-13,3.6773E-11,1.0000E-20,0.0000E+00,0.0000E+00
<ATMOSPHERE-LAYER-59>9.0729E-04,2.7063E+02,4.0762E-06,4.0000E-04,2.6997E-06,3.0962E-09,3.6729E-08,1.9069E-07,2.0900E-01,1.0280E-08,3.6633E-11,4.3257E-10,6.8964E-18,5.4397E-11,7.0287E-10,4.2500E-10,1.8000E-09,7.1410E-12,3.0000E-12,1.0128E-10,2.4510E-13,4.7892E-12,2.4267E-11,7.8100E-01,6.4079E-11,4.9019E-13,3.4940E-11,1.0000E-20,0.0000E+00,0.0000E+00
<ATMOSPHERE-LAYER-60>7.0596E-04,2.6773E+02,4.0247E-06,4.0000E-04,2.2380E-06,2.5490E-09,3.8012E-08,1.7361E-07,2.0900E-01,1.0188E-08,4.1389E-11,3.8455E-10,5.8205E-18,4.9318E-11,8.3124E-10,4.2500E-10,1.8000E-09,7.1456E-12,3.0000E-12,8.8769E-11,2.3632E-13,3.3577E-12,1.9511E-11,7.8100E-01,6.3064E-11,4.7264E-13,3.5587E-11,1.0000E-20,0.0000E+00,0.0000E+00
<ATMOSPHERE-LAYER-61>5.4629E-04,2.6544E+02,3.9839E-06,4.0000E-04,1.8718E-06,2.1151E-09,3.9030E-08,1.6006E-07,2.0900E-01,1.0114E-08,4.5161E-11,3.4646E-10,4.9672E-18,4.5290E-11,9.3305E-10,4.2500E-10,1.8000E-09,7.1493E-12,3.0000E-12,7.8845E-11,2.2936E-13,2.2225E-12,1.5739E-11,7.8100E-01,6.2258E-11,4.5873E-13,3.6100E-11,1.0000E-20,0.0000E+00,0.0000E+00
<ATMOSPHERE-LAYER-62>4.2042E-04,2.6033E+02,3.8747E-06,4.0000E-04,1.6054E-06,1.7836E-09,4.2149E-08,1.5452E-07,2.0900E-01,1.0100E-08,4.8080E-11,3.1798E-10,4.3563E-18,4.2126E-11,1.2671E-09,4.2500E-10,1.8000E-09,7.1500E-12,3.0000E-12,7.1490E-11,2.2333E-13,1.6303E-12,1.3249E-11,7.8100E-01,6.1361E-11,4.4666E-13,4.2544E-11,1.0000E-20,0.0000E+00,0.0000E+00
<ATMOSPHERE-LAYER-63>3.2178E-04,2.5548E+02,3.7691E-06,4.0000E-04,1.4024E-06,1.5267E-09,4.5193E-08,1.5152E-07,2.0900E-01,1.0100E-08,5.0353E-11,2.9606E-10,3.8936E-18,3.9650E-11,1.5947E-09,4.2500E-10,1.8000E-09,7.1500E-12,3.0000E-12,6.5848E-11,2.1846E-13,1.2446E-12,1.1422E-11,7.8100E-01,6.0589E-11,4.3692E-13,4.9161E-11,1.0000E-20,0.0000E+00,0.0000E+00
<ATMOSPHERE-LAYER-64>2.4494E-04,2.4964E+02,3.6250E-06,4.0000E-04,1.1983E-06,1.3203E-09,5.0252E-08,1.5000E-07,2.0900E-01,1.0141E-08,5.1419E-11,2.7849E-10,3.5257E-18,3.7688E-11,2.1629E-09,4.2500E-10,1.8000E-09,7.1500E-12,3.0000E-12,6.1413E-11,2.1437E-13,9.7594E-13,1.0060E-11,7.8100E-01,5.9915E-11,4.2895E-13,6.7455E-11,1.0000E-20,0.0000E+00,0.0000E+00
<ATMOSPHERE-LAYER-65>1.8542E-04,2.4218E+02,3.4255E-06,4.0000E-04,9.7452E-07,1.1516E-09,5.7998E-08,1.5000E-07,2.0900E-01,1.0230E-08,5.1240E-11,2.6417E-10,3.2304E-18,3.6122E-11,3.0489E-09,4.2500E-10,1.8000E-09,7.1500E-12,3.0000E-12,5.7922E-11,2.1079E-13,8.1305E-13,9.0939E-12,7.8100E-01,5.9289E-11,4.2224E-13,1.0035E-10,1.0000E-20,0.0000E+00,0.0000E+00
<ATMOSPHERE-LAYER-66>1.3960E-04,2.3644E+02,3.2719E-06,4.0000E-04,8.0225E-07,1.0217E-09,6.3962E-08,1.5000E-07,2.0900E-01,1.0299E-08,5.1102E-11,2.5314E-10,3.0030E-18,3.4916E-11,3.7311E-09,4.2500E-10,1.8000E-09,7.1500E-12,3.0000E-12,5.5235E-11,2.0804E-13,6.8764E-13,8.3497E-12,7.8100E-01,5.8806E-11,4.1707E-13,1.2567E-10,1.0000E-20,0.0000E+00,0.0000E+00
<ATMOSPHERE-LAYER-67>1.0452E-04,2.2604E+02,3.0208E-06,4.0000E-04,6.0847E-07,9.0374E-10,8.9734E-08,1.5000E-07,2.0900E-01,1.0875E-08,4.7317E-11,2.4247E-10,2.7941E-18,3.3847E-11,5.3920E-09,4.2500E-10,1.8000E-09,7.1500E-12,3.0000E-12,5.2902E-11,2.0561E-13,6.0364E-13,7.7510E-12,7.8100E-01,5.8178E-11,4.1125E-13,2.4619E-10,1.0000E-20,0.0000E+00,0.0000E+00
<ATMOSPHERE-LAYER-68>7.7673E-05,2.1799E+02,2.8268E-06,4.0000E-04,4.5929E-07,8.1319E-10,1.0975E-07,1.5000E-07,2.0900E-01,1.1322E-08,4.4371E-11,2.3426E-10,2.6337E-18,3.3026E-11,6.6786E-09,4.2500E-10,1.8000E-09,7.1500E-12,3.0000E-12,5.1111E-11,2.0374E-13,5.3950E-13,7.2923E-12,7.8100E-01,5.7693E-11,4.0678E-13,3.3979E-10,1.0000E-20,0.0000E+00,0.0000E+00
<ATMOSPHERE-LAYER-69>5.6793E-05,2.0885E+02,2.5959E-06,4.0000E-04,3.4207E-07,7.3540E-10,1.6620E-07,1.5000E-07,2.0900E-01,1.2769E-08,3.9089E-11,2.2659E-10,2.4872E-18,3.2286E-11,8.2963E-09,4.2500E-10,1.8000E-09,7.1500E-12,3.0000E-12,4.9517E-11,2.0162E-13,4.8696E-13,6.8948E-12,7.8100E-01,5.7141E-11,4.0252E-13,5.8198E-10,1.0000E-20,0.0000E+00,0.0000E+00
<ATMOSPHERE-LAYER-70>4.0142E-05,1.9914E+02,2.3451E-06,4.0000E-04,2.4757E-07,6.6723E-10,2.4531E-07,1.5000E-07,2.0900E-01,1.4839E-08,3.2384E-11,2.1939E-10,2.3522E-18,3.1611E-11,1.0101E-08,4.2500E-10,1.8000E-09,7.1500E-12,3.0000E-12,4.8077E-11,1.9937E-13,4.4286E-13,6.5438E-12,7.8100E-01,5.6556E-11,3.9847E-13,9.1633E-10,1.0000E-20,0.0000E+00,0.0000E+00
<ATMOSPHERE-LAYER-71>2.6350E-05,1.8886E+02,2.0642E-06,3.9950E-04,1.9203E-07,6.0358E-10,3.7218E-07,1.5000E-07,2.0900E-01,1.8270E-08,2.5258E-11,2.1236E-10,2.2234E-18,3.0977E-11,1.1220E-08,4.2500E-10,1.8000E-09,7.1500E-12,3.0000E-12,4.6734E-11,1.9739E-13,4.0322E-13,6.2185E-12,7.8100E-01,5.5957E-11,3.9458E-13,1.2984E-09,1.0000E-20,0.0000E+00,0.0000E+00
<ATMOSPHERE-LAYER-72>1.5000E-05,1.7526E+02,1.6659E-06,3.9798E-04,1.9833E-07,5.3478E-10,6.1683E-07,1.5000E-07,2.0900E-01,2.5017E-08,1.5800E-11,2.0417E-10,2.0783E-18,3.0283E-11,1.1283E-08,4.2500E-10,1.8000E-09,7.1500E-12,3.0000E-12,4.5283E-11,1.9550E-13,3.6350E-13,5.8717E-12,7.8100E-01,5.5200E-11,3.9017E-13,1.8533E-09,1.0000E-20,0.0000E+00,0.0000E+00
<ATMOSPHERE-TEMPERATURE>248
<ATMOSPHERE-CONTINUUM>Rayleigh,Refraction,UV_all,CIA_CO2-CO2,CIA_CO2-O2,CIA_N2-CH4,CIA_N2-H2O,CIA_N2-N2,CIA_O2-N2,CIA_O2-O2
<SURFACE-NSURF>0
<SURFACE-TEMPERATURE>289.15
<SURFACE-ALBEDO>0.252
<SURFACE-EMISSIVITY>0.98
<SURFACE-GAS-RATIO>1.0
<SURFACE-GAS-UNIT>ratio
<GENERATOR-INSTRUMENT>user
<GENERATOR-RANGE1>2.5
<GENERATOR-RANGE2>100
<GENERATOR-RANGEUNIT>um
<GENERATOR-RESOLUTION>1500
<GENERATOR-RESOLUTIONUNIT>RP
<GENERATOR-TELESCOPE>SINGLE
<GENERATOR-DIAMTELE>10
<GENERATOR-BEAM>0.5
<GENERATOR-BEAM-UNIT>arcsec
<GENERATOR-TELESCOPE1>1
<GENERATOR-TELESCOPE2>2.0
<GENERATOR-TELESCOPE3>1.0
<GENERATOR-NOISE>NO
<GENERATOR-NOISE1>1
<GENERATOR-NOISE2>1
<GENERATOR-NOISEOTEMP>300
<GENERATOR-NOISEOEFF>1
<GENERATOR-NOISEOEMIS>1
<GENERATOR-NOISETIME>60
<GENERATOR-NOISEFRAMES>12
<GENERATOR-NOISEPIXELS>1
<GENERATOR-TRANS-APPLY>N
<GENERATOR-TRANS-SHOW>N
<GENERATOR-TRANS>02-01
<GENERATOR-LOGRAD>N
<GENERATOR-GAS-MODEL>Y
<GENERATOR-CONT-MODEL>Y
<GENERATOR-CONT-STELLAR>N
<GENERATOR-RADUNITS>Wm2
<GENERATOR-RESOLUTIONKERNEL>N
<OBJECT-STAR-LONGITUDE>0.00
<OBJECT-STAR-LATITUDE>0.00
<GEOMETRY-BRDFSCALER>1.000
<ATMOSPHERE-AEROS>
<ATMOSPHERE-ATYPE>
<ATMOSPHERE-AABUN>
<ATMOSPHERE-AUNIT>
<ATMOSPHERE-ASIZE>
<ATMOSPHERE-ASUNI>
<SURFACE-MODEL>Lambert
<SURFACE-PHASEMODEL>ISO
<SURFACE-MIXING>
<SURFACE-SURF>
<SURFACE-TYPE>
<SURFACE-ABUN>
<SURFACE-UNIT>
<SURFACE-THICK>
